$ANSIBLE_VAULT;1.2;AES256;passwd
65333466633431393737643232363333373237326433646462663138643037613337346561646262
6166633161303233383439636539396636616465643962370a363961653963613164626335393763
61373763656539373262323130626631336461656165303561346531623161623136333532346666
3435383333353465300a386237663036353134363634313837626636356139633439363233313536
35313835313635306565643364616136306636336663623465393233643431653435313231376663
65653539626437636165666266643935396634316565313537663936333165353463623833643261
34666665386666396633313838353266383361663463643963383934613464616335653839303239
32323161346237373563376565306431353630626136353333663562626663616238386364393533
32623262323162396336613366343939303262636330666331343631646539313533313163316137
64623531613165353062643530373334646662636531356235666233303164346638396437363137
65613931623832613462376636643563313461316534326362343563353731663630393265623730
39366232326165396666333163303832633261356461613339626164633131383731663233626265
64393135393933333366626264333530656137376465666661363531323762393232326234643362
62663061646234613465383962323037616434383661393064646338343130373839613863323234
31646563646363393662613464623138626337623230316466393536393361666563643534366337
35356165666438303566633037356466643038303238613061306331623065636637333561646162
65316533383961313861333036656665366632653037303838636336653861313664313062326261
39633164656661646131666130346165616462343135653663333334336133633561316134353866
34363561356263346161643561616136303565663230366633663536333433386233356362316537
39366233393362356566386636386333393235653133633434623630663331306232623139626564
35633937373130396565613330633661396662383636303834363931363139633238396562663030
66666264393430613839363535306336663531356161336331353837353832623861373265366238
61326365333637376334623361386336386334646538363837336434633731333539333864326464
64333132333965336462373634306362303037613530306364656564313533646130336161326537
36363435626235623732666337356661366166343534656165623236323862623163623931303666
31616363613332353435356262613335626531383634656230636335393961616264333237656238
62363063306537363233613962633731653238333433393330316332373432393235616130636537
38373965613962373634383866333234663838386331313866623037626631656330306234333637
38666637343762656163316264346238303432313538633436306238313463323866353433386635
62303136363439656637373239363164656232636531643464343263336531363635373763653861
65316132363837306134316262633537393535366238376331393337643137346638323737636230
61306666633938633830333763626339653837373137633433336266346239666365383362656636
63333339356361383237613439306365646130666131653532323139633937326231366139356663
34653661333338636663303332373334356538303432613932626637346130623866353561636335
38363235336638636262326139343665306234653862396639613866313264383330383330303366
35613364363435656166626362303233623436623165373839386361393532356235323664653166
32386133356534366462356131633962656432653933303565643532636337643130626135393265
62316131643232653736356364663639383132643534363061623232366531653736386632656564
30613038336239623032616635323264653237313965333361643064396339363333396238643531
66393834386231336163373766623232613963393932326633356131353136653031306337363438
62396162646639333832653966313231306661326632323639303364303538396666613234643465
63343561336364336334363838636664316536656265323261613531326139363166323032623864
36343762393538636335656539656536366230663663373263373539656237333831613236353166
30656430646335633665626133323235623038663438343461383362626135393264646663363565
38366665343162386238613865393836303539623766613930383430376633336265333139386564
31333335633238363535636237373233663731616530363361376339663035306334333362343536
31653662376165346332623066623666653431333061353963303364303737306433343162396664
37643763333234663462613735633033396565653636336363616263613739323133336239333261
31333161343162346164343563653536323439613163633361656339656437366631616165353730
64346262306635653565633339386537386465313835393233613131646566316437303666383739
32323462656531356164653864323735613530346439326433326430366562656236363664376463
38333162646436393433343636613331373537666561386264373035373762643231366138666337
30303966323635333131613837656131316266626362366439373536313264633839323264616435
63313265366237643862383863316530613636333035646238613338393739653263666439663965
62666438633861626330653434333635306336633563663665313662643761333663656466373134
32323538353735313232656639326133333861376134323164626566306261373761303437343735
33303535626331643733633566383333626230313263346261326565383961313533633635623861
66373765323136613466393835343738623061356537613833363830626230623463663264393262
33633262636437633339643931393737353064393637373337633536343038643964333733363462
35613035323266666137353665663032316536646662343334346437646239633832373631313134
62316533383766306137383535333138383335626639306239363830623763336235313130326165
35393636613765356664396139373538363335323137306161646566393932653530343634326634
32373734613665636163656162656331386538396164663035613963373836633366333463623663
30613732313964313437326461313733303162343265353535663163366537393038353438353336
33383866343136363337373831643165633866616134393931303634383165613035613763623231
32323937643964306232363339316632636539383939323339653838613637656137303832323134
34303765386232663834363361333138323262633630623937643666386139633032326263636239
30353862623933343033643266376634326139643730613665616639396663613461326438633935
64386661643334323836643535393165313236343432326632313430636465386264363137623637
31356262306234393564636230366163653962303535613132343166363536323536336138326263
63303936633636666633653837653463353236613935623137373663323164383632316566376464
38363032636639623731383131623465333438636661313730613764666537316539346433613263
63646234353635616532323765636435373335656439346533333538363863646664633333303538
37373138613530333634323663393637343035393061306530373735626364656634656166316264
32353534353931663230666462663761306635613336623161383161643561646439323061643933
39656130346533343665373638653766313837393837393833323264396230356430666231313464
61353630303636653433383166623134653739323632323835303435343861333539383266313631
61656265323638313933633564663536366336643938626661656530633936316432346634393137
38396366323631393830653836323264313931366532376638643266373839343532323863656264
66306132353664346433326261333535666437616233663236376132636137636237396638333066
30363831343866326166323036393564393337346438653761383032353131653263303837343934
35333031613066613461323035653663303834333831656464653339616265666535363038646165
61386161316666623962326137356130353230616561393966373964303037313132336237626236
38663362636230643161386162356531356363313565303334666164333831316430633261303936
33343631623235626432616565646335326632663834366263366661656434316163633333323831
35373631393561393364353837386465323138653565663932626237313861346133656261386466
35393035393633643264313239393731656437333766626537636231333463303536613837633762
66363234346264303830613433326365373163633439303431323564373334306432306630633061
36323333393830346339323336383532326637643232623034386239306363363632373362343263
34663330616234303236633261383737663731323862623130666563313338393433316439623639
32626365633864333335653832383533343763656163376262353338393731376230636236633961
62663638306439333933333664626338313064393263323366373337613134373738646663616536
35303137306438343430303835303562323963613839343562383134303362313239393438616632
35306261383038663831623639616266623235386230306464636134633332366662316665376363
30386537363363646135356234373137393238303131396439653136376631646631643364343939
65323133623830393339643739326635353430653832386435323962616562656532663839663964
66353437383661393061613937333132386639383232313163343432396265633333303737316264
32336238653335303134313133336537643361303336643166623361353336613132343737646638
36326466623363666563613434613361653033643561636330376532373330356134363338346637
34313939643832343834653632643965653537636165346262633334333465363461323863396231
34643466616434653739303332366532383663383864323764633233616663316461356334623031
66623064386334396337333137303039303464653965363963323064363066353836386133636339
30363062633837643961666237323532363233306231613064323139356338656236373934666231
30386336653566353065326537346662643332376139623066323234323236336239626131613264
34653239336531393761663438393830336664643963373632613037643637653566636234306234
31623665373930313362326238396437663464356433363130643866386438343538386366393733
36393831663139633232363465316466653733356538386137383133323431313262656433343531
62376337363263626237653166363731626234636634376662306263643835613565633038366331
66373536363430636430386564316539313431646166633239346535373637366631626532313537
39323063623336363964306533643734343764636636643138313238333161643763353033383836
30633731363438653734396362373663663963356632356535323639653063656533613863633732
63353731633039353938636166643464343866356130323331323963626230366664636536313064
32363464343836336334333838333664646363303738633266613966396365633136396361303061
34643031623564613731643136343166626263623030333534303536656430376639303761336636
37643533643833643439636262643962393936363338636433643466373539313965376438396431
31636662306661383835316161633232343763623565326234316437353963303130636138303630
38646465376566343333333134613862626462326565646335653936623761313964656138303937
35643133333131326461613664626665613131323938333363663761313732643165313135663136
36343936303833643835656663356166323566303638626238303330356561306633313362646163
66336133363238356136626264373466326130356363346265353736333163303038356364336563
34316632383230336236373331376235643866656239393262303638633463303637376332306262
65623332656636346533393065326365616336396564663737313262653835393866373337353766
33666536313039623164383638383764313861363766663735326434353638616466333363643236
35623139326362313063386231386265343933343766636165303637323332346661613239656230
32626533396664346234356635656330626535653666336662646263336435336533636638313938
37653861363631346539313730353063613463353364303936353938346437346633316234326238
36323630333362643130653563366633643930663163316339346366323665636635316634653432
34656333306330323233646630353931323965383662383633326432663933623931326262613066
66373137393831386164343236313534306130663132623464383238616337633136316632616361
37643336623163656162343138346334333833363165303039633961386438303532653636663238
31323037663266303664386365653332346663653163346661303261623364636262666365653137
62323166356337663461373162373635326565363333393738616630383163323737383031373863
33353336313462386263653632636162316235326637313065613739353765323939316266613838
31306131393532626234646537366636663836633036356235613438363138353966376662313262
30633635623236616363393261313531343663316232313361623166646230646332653830613766
63313161306630636431376433643938653833326335666636356231616562333361333838366237
62396435366134303465656539393039366163626335376131663739343738653831326535316338
35646263383936333861623063643063333135366132396436623534383463373361646631646663
65353834643136616366333062636461366532306163316138623932626436666636373038366262
31306563386566356561633730366335646331326137313030396436653731376432646662376662
6264
